Formats of outputs:
Average heat flux at top junction
Average heat flux at bottom junction
Average upper flange temperature
Average web temperature
Average lower flange temperature
kuf-web
kweb-lf
Time
-3.20544758620689e-18,-1.00654268965517e-17,-2.60721510344827e-17,-3.12493924489796e-16,-8.98752701677419e-15,-3.01069018e-13,-1.001978728125e-11,-2.89717421875e-10,-4.7770054875e-09,6.384701625e-08,2.47283175000001e-07,7.138230375e-07,1.66130615e-06,2.9187428625e-06,4.7815835e-06,7.38951887499999e-06,1.0877025e-05,1.536955875e-05,2.09810025e-05,2.78119625e-05,3.595080625e-05,4.547315e-05,5.45375625e-05,6.466155625e-05,7.58743062500001e-05,8.82002375000001e-05,0.00010166040625,0.000116272575,0.000132051525,0.00014900925,0.000167156,0.0001865018125,0.000207054,0.00022881925,0.00025180425,0.0002760134375,0.000301453625,0.0003281316875,0.0003560528125,0.000385223125,0.00041565025,0.0004473419375,0.000480306375,0.0005145533125,0.000550091999999999,0.0005869360625,0.0006250975625,0.0006645878125,0.0007054258125,0.000747626125000001,0.000791206812499999,0.00083618525,0.000882584,0.000930424249999999,0.000971999,0.0010146366875,0.0010583584375,0.0011031774375,0.001149108125,0.0011961726875,0.001244385,0.001293780625,0.001344359375,0.001396168125,0.001449194375,0.00150349875,0.001559086875,0.00161598625,0.00167423375,0.0017338375,0.001794844375,0.001857276875,0.001921168125,0.0019865375,0.00205343875,0.00212188625,0.002191915625,0.002263570625,0.002336883125,0.002411888125,0.002488626875,0.002567131875,0.00264745,0.002729616875,0.002813676875,0.00289966875,0.00298763875,0.003077631875,0.003169683125,0.003263851875,0.003360176875,0.003458704375,0.0035594925,0.00366258125,0.003768015,0.00387586125,0.003986161875,0.004098971875,0.00421434,0.004332324375,0.00445297937500001,0.004576361875,0.004702535625,0.004831546875,0.0049634325,0.00512796,0.00529667375,0.005469390625,0.005645883125,0.00587353875000001,0.006105829375,0.00634197,0.006581240625,0.00688445375,0.007189945625,0.007496635625,0.00780364374999999,0.00817768375,0.008549879375,0.008919464375,0.009285899375,0.00975272124999999,0.01021308875,0.010666829375,0.011232036875,0.011786950625,0.01233199,0.013034175,0.01372211875,0.0143971625,0.01529155,0.01616875,0.0170314625,0.01812629375,0.019205775,0.02027115,0.0215850125,0.02287423125,0.02413981875,0.02574930625,0.0273300375,0.028888525,0.030429725,0.0319524375,0.03344979375,0.0349185,0.03700914375,0.03904665625,0.04103918125,0.0429864625,0.04488446875,0.0467339,0.0490763125,0.05134288125,0.0535056625,0.0555568562500001,0.057505325,0.059366075,0.0611479,0.0628564875,0.0644981625,0.0660804,0.0677354,0.0693340875000001,0.07088306875,0.0723798500000001,0.0738315,0.07523979375,0.07660590625,0.07793635,0.0792300125,0.0804871187499999,0.081701475,0.082860925,0.0839572125,0.0849964812500001,0.0860835125000001,0.0871072625,0.08807799375,0.0889945687499999,0.0898601625,0.09068333125,0.091461275,0.0921940687499999,0.09295726875,0.09367114375,0.0943408374999999,0.0949727312499999,0.0955618625,0.0961144187499999,0.0966239875000001,0.09709361875,0.097566475,0.09799965625,0.0983915375,0.0987424874999999,0.09905969375,0.0993391750000001,0.09958255625,0.09982074375,0.1000176625,0.10018005625,0.10030855,0.1004046375,0.10046836875,0.1005037625,0.1005077125,0.10047981875,0.10042351875,0.1003401875,0.10022673125,0.1000755,0.0998983312499999,0.09969145,0.0994636937499999,0.09921315625,0.09894283125,0.0986188625,0.0982797000000001,0.09792559375,0.09756243125,0.097184975,0.09673896875,0.0962558687500001,0.09572500625,0.0951304562500001,0.0944448375,0.0934576937499999,0.09217545,0.0905605125,0.0886390999999999,0.0862014,0.0835439125,0.0807631250000001,0.07796036875,0.0751766625,0.0725286625,0.0700185,0.067649225,0.06541465625,0.0633077625000001,0.06131943125,0.0594492375,0.057710075,0.0561098562500001,0.0546545625,0.05333265,0.0521319625,0.0510441375,0.05006585,0.0491892625,0.0484128,0.04773820625,0.04716664375,0.04670445625,0.04636373125,0.0461593,0.0461265625,0.0463061499999999,0.04676196875,0.04759729375,0.04898645625,0.051201675,0.054665125,0.059832175,0.06666833125,0.07421955,0.08107888125,0.0861699,0.08926165,0.0907775625,0.0915837125000001,0.09219344375,0.0926508499999999,0.09295760625,0.0931615625,0.0932479062500001,0.0932417375,0.0931581625,0.0930037375,0.0927886999999999,0.0925035874999999,0.0921626625000001,0.0917783125,0.0913462375000001,0.0908750874999999,0.0903609499999999,0.0898158000000001,0.0892475249999999,0.088655075,0.0880439375000001,0.0874166500000001,0.0867771499999999,0.0861270125,0.0854687124999999,0.0848026500000001,0.084134,0.0834568625,0.082783425,0.0821027375,0.0814207499999999,0.0807393875,0.08005925,0.079375,0.0786954,0.0780158750000001,0.0773391625,0.0766637624999999,0.0759906875,0.07532165,0.074656975,0.0739932125,0.0733357375000001,0.0726820874999999,0.0720325374999999,0.0713871,0.0707478375,0.07011145,0.0694805,0.068857225,0.0682365375,0.0676237125,0.067015,0.0664128875,0.065815975,0.065225125,0.0646411249999999,0.0640615875,0.0634879125000001,0.0629212624999999,0.0623604375,0.0621016124999999
3.20544758620689e-18,1.00654268965517e-17,2.60721510344827e-17,3.12493924489796e-16,8.98752701677419e-15,3.01069018e-13,1.0023126125e-11,2.9772148125e-10,7.4962540625e-09,1.51785475e-07,3.82953375e-07,8.06689750000001e-07,1.498577625e-06,2.310025e-06,3.403765625e-06,4.829093125e-06,6.63517000000001e-06,8.870405625e-06,1.158199375e-05,1.48152025e-05,1.8613425e-05,2.30179125e-05,2.71919e-05,3.18439625e-05,3.69951625e-05,4.2665525e-05,4.887365625e-05,5.56371875e-05,6.29724875e-05,7.089476875e-05,7.941875e-05,8.85572875000001e-05,9.832295e-05,0.0001087270125,0.0001197816,0.0001314933625,0.000143875625,0.0001569341875,0.0001706763125,0.00018511275,0.000200247125,0.000216088,0.0002326398125,0.00024990875,0.0002678986875,0.0002866158125,0.0003060634375,0.000326247125,0.0003471691875,0.000368832125,0.0003912404375,0.0004143976875,0.000438304625,0.000462963875,0.0004843945625,0.0005063674375,0.000528884125,0.000551945187499999,0.0005755508125,0.000599703125000001,0.0006243998125,0.000649643437499999,0.0006754363125,0.000701774187500001,0.0007286584375,0.000756089624999999,0.0007840681875,0.0008125904375,0.0008416593125,0.0008712731875,0.00090142875,0.0009321280625,0.000963367875000001,0.0009951454375,0.0010274690625,0.001060326625,0.00109371625,0.0011276430625,0.001162097375,0.0011970821875,0.0012325989375,0.00126864125,0.0013052,0.001342281875,0.0013798725,0.00141799,0.0014566125,0.001495745625,0.001535375625,0.001575516875,0.001616156875,0.0016572825,0.001698905,0.001741015,0.001783608125,0.001826681875,0.001870233125,0.001914253125,0.00195873875,0.002003691875,0.002049105625,0.00209497,0.002141279375,0.0021880025,0.0022351175,0.00229291,0.00235117,0.002409843125,0.00246886625,0.00254363,0.002618694375,0.002693943125,0.002769260625,0.00286351625,0.002957518125,0.00305110375,0.00314414,0.00325674,0.00336816562500001,0.003478290625,0.003587025,0.003724866875,0.00386015875,0.003992860625,0.00415709625,0.004317185625,0.004473218125,0.0046720125,0.004864344375,0.005050560625,0.00529239875,0.00552463125,0.00574802375,0.00602321375,0.006286525,0.00653878687499999,0.006839350625,0.007125180625,0.007397701875,0.00773225875,0.008050189375,0.00835387125,0.00864535125,0.0089259075,0.009195963125,0.009456170625,0.009818691875,0.010165716875,0.0104996325,0.01082117375,0.011130629375,0.011428840625,0.011802243125,0.012161005,0.012502189375,0.01282636625,0.01313516875,0.01343090625,0.01371545,0.01399045625,0.01425701875,0.0145162625,0.01478898125,0.01505264375,0.015308025,0.0155557125,0.0157962,0.01602998125,0.01625735625,0.01647868125,0.0166943,0.0169044,0.01710775625,0.01730295625,0.0174901125,0.01767010625,0.01786203125,0.01804711875,0.01822620625,0.01839981875,0.018568575,0.0187327875,0.01889243125,0.01904705,0.01920984375,0.019367025,0.01951896875,0.01966595625,0.01980811875,0.0199452125,0.0200775875,0.020205575,0.02034265,0.02047530625,0.0206039375,0.02072889375,0.02085043125,0.02096886875,0.02108449375,0.02120925,0.021330125,0.02144654375,0.02155875,0.0216670625,0.02177180625,0.02188390625,0.0219922,0.022097225,0.02219899375,0.02229799375,0.0223942375,0.0224989375,0.022600725,0.02269980625,0.02279594375,0.0228886875,0.022978175,0.0230756125,0.02316948125,0.0232601875,0.02334780625,0.02343269375,0.02352416875,0.02361250625,0.0236978875,0.0237804375,0.02386,0.02394786875,0.02403165625,0.02411150625,0.0241876375,0.02426745,0.02434293125,0.02441415625,0.02448114375,0.02454408125,0.024602975,0.02465788125,0.0247088375,0.0247558,0.02479876875,0.024837725,0.02487265,0.02490346875,0.0249303625,0.02495375,0.02497418125,0.024991375,0.0250053125,0.02501583125,0.02502288125,0.0250264,0.0250263375,0.02502270625,0.02501555625,0.025005425,0.024992975,0.0249779375,0.02496015625,0.02493949375,0.02491594375,0.02488938125,0.0248597125,0.02482695625,0.0247910125,0.0247522375,0.024711325,0.02466890625,0.024624675,0.02457850625,0.02453028125,0.02447989375,0.024427225,0.024372325,0.02431506875,0.02425539375,0.024193475,0.02412965,0.02406479375,0.02399908125,0.0239325375,0.02386480625,0.0237957875,0.0237255125,0.0236538375,0.02358068125,0.02350601875,0.0234298375,0.02335208125,0.023272925,0.02319294375,0.0231128,0.02303265625,0.02295231875,0.0228716625,0.0227907,0.02270915,0.02262699375,0.02254426875,0.02246078125,0.02237669375,0.02229175,0.022206,0.02211963125,0.02203308125,0.0219466875,0.0218608875,0.02177536875,0.0216901625,0.021605075,0.02151993125,0.02143484375,0.02134966875,0.0212642875,0.02117876875,0.02109303125,0.0210069375,0.02092060625,0.0208339,0.02074714375,0.0206606375,0.02057466875,0.020489575,0.0204050625,0.0203211375,0.020237575,0.0201543625,0.02007140625,0.01998868125,0.01990601875,0.01982345,0.01978534375
20.0000004661098,20.0000013730331,20.0000026725974,20.0000067887919,20.000020409465,20.000067883563,20.0002399905589,20.0008815881143,20.0033287080608,20.0128450296535,20.022327502542,20.034340517187,20.0489181974099,20.0629023910676,20.078725285282,20.0964150077464,20.1160017982329,20.137517795207,20.1609968950617,20.1864746424595,20.2139881797386,20.2435761160736,20.2700591759864,20.2980713577827,20.327638221496,20.3587860164609,20.3915417605906,20.4259331756233,20.4619886952312,20.4997374883805,20.5392094325829,20.5804351554102,20.6234460524086,20.668274221617,20.7149525800048,20.7635147815299,20.8139952902444,20.8664293631081,20.9208530653595,20.9773033183248,21.035817805253,21.0964351354393,21.1591947610748,21.2241369812395,21.2913030054467,21.3607349330671,21.4324757912127,21.506569489954,21.5830609180586,21.6619959008715,21.7434211993465,21.8273845634228,21.9139347005566,22.0031213251028,22.0805963326071,22.1600281091746,22.2414484789397,22.3248898257081,22.4103850442993,22.4979676228516,22.5876715430889,22.679531339506,22.7735821255145,22.8698595231179,22.9683997530864,23.0692395353425,23.1724161975309,23.2779676276931,23.385932244856,23.49634908061,23.6092577144759,23.7246983178408,23.8427116318084,23.9633389593318,24.0866222208908,24.2126039404502,24.3413271549261,24.4728355865407,24.6071734956427,24.7443857703945,24.8845178874365,25.0276159276204,25.1737265821834,25.322897181191,25.4751756044543,25.6306104086177,25.7892507371096,25.9511463628662,26.1163477079399,26.2849057671266,26.456872211087,26.6322993012587,26.8112399684096,26.9937477687001,27.1798769071653,27.3696821895426,27.5632191048173,27.7605437575648,27.961712929436,28.1667840152505,28.3758151056645,28.5852667379569,28.794995687727,29.0050923697651,29.2155919172113,29.4719975003631,29.7290436900267,29.9867378581457,30.2450820446622,30.5714943829582,30.8989237598643,31.2273569527961,31.55677835863,31.9709110858145,32.3865250905349,32.8035852371098,33.2220569895909,33.7350745455096,34.2500796227306,34.7670196494793,35.2858460614863,35.958340049867,36.6337972927861,37.3121448201404,38.1776164940692,39.047507959332,39.9217299097071,41.0807453237715,42.2469843961511,43.4203524692568,45.0227742690632,46.638009171266,48.2660194872914,50.3892729621159,52.5339345059309,54.6904938453159,57.4143620927134,60.1550280875091,62.9127279299202,66.5237647431615,70.1650184046238,73.8370028457997,77.5401363466474,81.2668823456795,85.005729983418,88.7571980171872,94.2738190137979,99.8200566631564,105.397859838538,110.992461575527,116.591918270878,122.197212597677,129.537533482208,136.887204187848,144.18319409102,151.429914601792,158.629290633019,165.783714544904,172.895285988865,179.966141320504,186.998618841684,193.994688551198,201.543277755991,209.052594944322,216.524199207213,223.95966657831,231.360499074075,238.727911675139,246.062912794722,253.366371060275,260.639063776325,267.881697801985,275.073997189543,282.19783684459,289.254488844106,296.244950814573,303.917539373035,311.511082649479,319.026785816994,326.465775580975,333.829026764706,341.117267435244,348.331078685548,355.471219245946,363.180527395304,370.803951820382,378.342173671026,385.795508887678,393.161082602275,400.43532956911,407.61929608206,414.713844882596,422.466263399904,430.110455347372,437.647631433068,445.079099537642,452.406078261924,459.629410827886,466.749767679738,474.522686735656,482.17228892278,489.700253466473,497.106590521666,504.392356526265,511.559159005083,519.353375593076,527.006858875574,534.522017538126,541.900587436455,549.14468073348,556.256915894457,564.049243591141,571.6844890426,579.166017327524,586.497507788672,593.683582649482,600.72951405834,608.514350032678,616.131637513918,623.581432518759,630.860917488499,637.964041366495,645.661012448561,653.116084744613,660.27948759017,667.064267062456,673.391405731053,680.005696618253,685.829888500362,690.826684679255,695.140177093924,699.234046034859,702.805523143304,705.984073978454,708.863361022754,711.490289465019,713.94737419753,716.265181023967,718.471597155654,720.588991848223,722.636123869522,724.628648965142,726.579962338416,728.501917632532,730.405483472525,732.301289092231,734.20022130961,736.114028972407,738.056335208183,740.044528445894,742.097225614865,744.233401825227,746.473841399175,748.842872293636,751.370612579278,754.096327992012,757.10743946744,760.474087095138,764.367888418059,768.859941128057,773.831296953526,779.226610021788,784.997878782376,791.120304601792,797.546018033161,804.203759557009,811.009480608812,817.879219313724,824.750097912133,831.580690421207,838.340526529896,845.009204628418,851.572369396029,858.019604770031,864.342967490921,870.535730334057,876.590532942387,882.502691235781,888.267916604941,893.881067568381,899.338238875577,904.638166298712,909.781352340836,914.769475591869,919.605162179861,924.29174395425,928.832947312998,933.232669274993,937.49492557371,941.623775687488,945.623238689179,949.49724720528,953.24967413701,956.884301785279,960.404808516096,963.814785119822,967.117733949408,970.317058540304,973.416070659644,976.417992679737,979.325953608087,982.14300224764,984.872096929318,987.516107879452,990.077825668119,992.559955464779,994.96512258412,997.295873436212,999.554678823535,1001.74393158557,1003.86595059671,1005.92298188695,1007.91720255386,1009.85071800412,1011.72556735778,1013.54372289155,1015.30709205762,1017.01752362503,1018.67680097434,1020.28665212782,1021.84874456669,1023.36469256959,1024.83605239167,1026.26433367465,1027.65098832849,1028.99742498184,1030.30499953039,1031.57502228758,1032.80876070565,1034.00743666909,1035.17223001816,1035.70293888525
20,20,20,20,20,20,20,20,20.0000027800003,20.0000619666387,20.00015917704,20.0003427505729,20.0006510662621,20.0010210144406,20.0015310403071,20.002211611096,20.0030933016178,20.004209878072,20.0055944709807,20.007282215703,20.0093081345392,20.0117075910799,20.0140210745817,20.0166439728541,20.0195975101928,20.0229030933187,20.0265820727548,20.0306555109202,20.0351443313247,20.0400691194578,20.0454507355809,20.0513088598823,20.0576638812716,20.0645353367161,20.0719426469239,20.0799049786119,20.088441373183,20.0975703168808,20.1073102872669,20.1176793703507,20.1286952146068,20.1403755106484,20.1527374633035,20.1657981563842,20.179574493466,20.1940827151071,20.2093393528933,20.2253603392737,20.2421614043498,20.2597580101455,20.2781657485624,20.2973994342382,20.3174738887665,20.338403779089,20.3567557887744,20.3757392766667,20.3953622299591,20.4156333889026,20.4365609030228,20.458152738688,20.4804169967081,20.5033617043243,20.5269945047979,20.5513229794353,20.5763547656512,20.6020972532673,20.6285575909893,20.6557426985657,20.6836598985461,20.712315871312,20.7417173870766,20.7718709743149,20.8027832106767,20.8344601742088,20.8669081457819,20.9001332805967,20.9341413344303,20.9689379676453,21.0045289811701,21.0409197739684,21.0781156467402,21.1161219453428,21.1549434720774,21.1945853702597,21.2350523034451,21.27634900722,21.318479948453,21.361449561376,21.4052618908684,21.4499214142207,21.4954317718665,21.5417969487239,21.5890208226851,21.6371067466425,21.6860583989576,21.7358790711097,21.7865720520991,21.8381404878893,21.8905872909241,21.9439155462938,21.9981279713911,22.0532258650928,22.1092086560647,22.1660729472622,22.2238133096608,22.2952531859062,22.3679530760429,22.4418908645467,22.5170414329584,22.6135626809246,22.7118934048075,22.8119719739508,22.9137351733844,23.0437165859611,23.176091645918,23.3107383225481,23.4475383227305,23.6175821593091,23.790435443104,23.9659146556067,24.1438479049452,24.3771863570974,24.6139673622148,24.853913623343,25.1630499516499,25.4763512901929,25.7934367134635,26.2169924028877,26.645778034275,27.0792855500409,27.6742137083447,28.2760341803314,28.8841332123205,29.6787519036649,30.482138222009,31.2935236599946,32.3232885608263,33.3630604854217,34.4119414054473,35.7882055492187,37.1775729679186,38.579421124303,39.9933191427657,41.4186357008497,42.854314503793,44.2993894798463,46.4316569485418,48.5806324724433,50.7454333292205,52.9245210645278,55.1159149162781,57.3181203652317,60.2138479565856,63.1246564226303,66.0456159092404,68.9726570141669,71.9033927451788,74.8363342376378,77.7705530529201,80.7054019900371,83.6403941153459,86.5751438007495,89.758174968924,92.9402093699845,96.1209720399419,99.300225215337,102.477771877159,105.653465276665,108.827272096335,111.999270536514,115.169366030436,118.337426717668,121.501900505073,124.660364545928,127.811236762818,130.95361064601,134.427544740244,137.889896601499,141.34036664921,144.77872661402,148.204795544465,151.618434276574,155.019547769856,158.408080748561,162.09284913719,165.762409425098,169.41663877068,173.05542136002,176.678376160314,180.284881146147,183.874536419888,187.447101428572,191.384706465589,195.300985603692,199.195837897816,203.069180377479,206.920941250342,210.75105488895,214.559463688877,218.757091779546,222.927883921944,227.071779038479,231.188593258385,235.278227806416,239.340645520518,243.806651370989,248.239274392652,252.638542939403,257.004503759255,261.337224850563,265.636788545836,270.403596520428,275.129189579563,279.813686046066,284.457250851843,289.06009670414,293.622460668129,298.723294480395,303.773276735216,308.772851903847,313.722485656704,318.62261241934,324.033932001645,329.384860515494,334.674926353168,339.904043057307,345.071811457817,350.979057579746,356.798961118727,362.527820275113,368.162504852391,374.284858368523,380.286241614112,386.166503122199,391.927244807603,397.569346621881,403.098795162233,408.519730414037,413.836338232338,419.052639751391,424.17246148341,429.199402269447,434.13681827438,438.98782500777,443.755339687415,448.442062137832,453.050516142035,457.583103823234,462.042072644181,466.429536631022,470.747570889314,474.998159769674,479.18313949913,483.304400003655,487.363762885482,491.363000554791,495.304358327392,499.189262288641,503.019798032178,506.798136118273,510.526835683212,514.208995487616,517.848405271002,521.449929622521,525.019459740423,528.563341439541,532.086896313863,535.592524251896,539.079868667397,542.547645417238,545.994754332327,549.420325072666,552.823514837768,556.203639355633,559.560223318709,562.892067046888,566.199463944794,569.481980702861,572.738922631386,575.969811110504,579.174301881,582.352033949366,585.502604773783,588.625362609449,591.720009322732,594.786430609633,597.824470535605,600.833619817202,603.813866909792,606.765259192944,609.687596312035,612.580739683759,615.444855005023,618.279944865184,621.08593628279,623.86308055479,626.611404624802,629.330866949088,632.021737249794,634.684040471618,637.31791189105,639.923713921032,642.501308884926,645.050981327117,647.572949543914,650.067251143408,652.534262111323,654.97397394571,657.386636386072,659.772478328308,662.131582814187,664.464345787405,666.770765297503,669.051144387166,671.305674068189,673.534541403895,675.738083425645,677.916332174388,680.069655604605,682.198130448772,684.302079723058,686.381686178595,688.437129603327,690.468680594092,692.476446051549,694.460802141489,696.421788803583,698.359764261946,700.274828945251,702.167294955676,704.037374053558,704.896165706969
20,20,20,20,20,20,20,20.0000000058097,20.0000016071162,20.0000369960057,20.0000951115951,20.000204586783,20.0003886034856,20.0006092517551,20.0009134346405,20.0013188162672,20.0018440610021,20.0025086428225,20.0033326115952,20.0043364567902,20.0055409972161,20.0069672558702,20.0083420654806,20.0099002777778,20.0116546537159,20.0136177943597,20.0158023477367,20.0182207931494,20.0208855409101,20.0238088829582,20.0270029567901,20.0304798330913,20.0342513539095,20.0383292878238,20.0427252143549,20.0474505618494,20.0525166134109,20.0579344989106,20.0637151997095,20.0698695182765,20.0764081350761,20.0833415745583,20.0906801924473,20.0984341992254,20.1066136926894,20.1152285654805,20.124288641128,20.1338035152505,20.1437827237957,20.1542356048173,20.1651713632292,20.1765990959816,20.1885277229485,20.2009660413944,20.2118734750665,20.2231571290245,20.2348221125636,20.2468734923747,20.2593162386832,20.2721552682159,20.2853953948197,20.2990413896151,20.3130979255628,20.3275695961027,20.342460912612,20.3577763443477,20.3735202141129,20.3896968382959,20.4063103939725,20.4233649991527,20.4408646867586,20.4588133980876,20.4772149889858,20.4960732371097,20.5153918407165,20.535174379327,20.5554243877996,20.5761452639797,20.5973403836843,20.6190129379085,20.6411661230936,20.6638029996368,20.6869265337691,20.7105396267249,20.7346450829096,20.7592456176472,20.784343838659,20.8099423023481,20.836043449528,20.8626496491164,20.8897631833696,20.9173862216171,20.9455209080125,20.9741692558701,21.0033332074558,21.0330146318083,21.0632153208666,21.0939369638103,21.1251812172597,21.1569496350763,21.1892436825224,21.222063979908,21.2554098407165,21.2892791152262,21.3236682569595,21.3662133123941,21.4095050698378,21.4535298366013,21.4982722656742,21.5557303766643,21.614257436093,21.6738163307916,21.7343691713871,21.811699389131,21.8904406452433,21.9705208524571,22.0518702102396,22.152972829218,22.2557323352699,22.360041278504,22.4657992217381,22.6044756000968,22.7451887791092,22.8877769034133,23.071476100823,23.2576494542485,23.4460736652143,23.6977740387315,23.9525926838538,24.2102283439845,24.5638121745341,24.9215022372307,25.2829253088839,25.7551836751392,26.2326086410071,26.7147206669088,27.3264468833212,27.9439528332123,28.5666853134835,29.3834390273541,30.2075975766158,31.0387625758896,31.8766525107723,32.7208748614138,33.5707979116438,34.4258567588962,35.6866485892036,36.95651082595,38.2349669627212,39.521153069717,40.813949959332,42.1125294117648,43.8191403743646,45.5337300020574,47.2531878106995,48.9753104702251,50.6988747680951,52.4232032127816,54.1479205480514,55.8728023224402,57.5977333059792,59.3227013646816,61.194118816146,63.0659029258047,64.9379982576859,66.8103069370609,68.68273873953,70.5552097953284,72.4276415841196,74.2999603034374,76.1720964288309,78.0439843680703,79.9147170582185,81.7828926711449,83.6476464641733,85.5085293505203,87.5673124596945,89.6208967344469,91.669206965747,93.7122007932706,95.7498528493099,97.7821738051321,99.8092694858389,101.831402032195,104.033671056645,106.230250102881,108.421111233357,110.60623130719,112.785424774873,114.958365717744,117.124872827403,119.28486379085,121.670338283709,124.047754782134,126.417116155894,128.778433546357,131.131723618978,133.477007138707,135.814307901234,138.397178635924,140.970556153473,143.534922452191,146.090221896636,148.636421928104,151.173521719922,153.972411010652,156.760185510772,159.536882326313,162.302543393851,165.05721443234,167.800944511014,170.855651794965,173.896818887679,176.924504780925,179.938873827161,182.940429863229,185.929345243282,189.288616977729,192.631923028323,195.959349284678,199.270984915275,202.566921186153,206.228534636891,209.87087241588,213.494012378359,217.09808989591,220.683322229484,224.815264104332,228.922666654562,233.005703957879,237.064550954975,241.530956190996,245.968148737595,250.376362260954,254.755827641009,259.106674713144,263.429144231421,267.723432670057,271.989761832485,276.228348299443,280.439403786008,284.623135141613,288.779744022028,292.909427545388,297.0123771496,301.088615365529,305.137850361897,309.16030735173,313.156206193415,317.125759598161,321.06917412733,324.98665012951,328.878382237956,332.744559974584,336.585366249092,340.40083302348,344.190383451948,347.954105982812,351.692229852337,355.4049767175,359.092561193415,362.755191338658,366.393069419027,370.006391883321,373.595349751874,377.160126061486,380.700653945774,384.216123990558,387.706748397483,391.172775935609,394.614446764706,398.031993464051,401.425641918423,404.795612092713,408.142117539337,411.465292632536,414.76541594045,418.04267445534,421.296768984508,424.527022954489,427.733712490921,430.917101916001,434.077446980148,437.214995716536,440.329989237475,443.42266214113,446.493243172353,449.541955370372,452.569016228515,455.574637431615,458.559004714354,461.521705194868,464.462229878964,467.380862179863,470.277873640765,473.15352741467,476.008078359962,478.841774702253,481.654857664007,484.447562872187,487.220119398451,489.972751084484,492.705676396754,495.419107657951,498.113240358268,500.787940167029,503.442517271847,506.077208155408,508.692275659646,511.287974369403,513.864551223676,516.422246362868,518.961293228033,521.481919449289,523.984346719921,526.468791263617,528.935464157587,531.384570916242,533.816312637376,536.230883703707,538.628455372794,541.008817798356,543.37146489954,545.716632014042,548.044555906559,550.355466014281,552.649585012107,554.927128840474,557.188307625274,559.433325843623,561.662382030983,562.688253264342
0,0,0,0,0,0,0,0,0,2.10722399783922,0.369858515185918,0.369915608231164,0.434794769552594,0.500746260537711,0.577475031065498,0.65842304977231,0.745895349495043,0.835240426355514,0.919908661064543,1.00367239960665,1.08644812274114,1.19214310726109,1.2522999476623,1.31124581566674,1.39171671547161,1.44684473734901,1.5228844141686,1.5734572236979,1.62180972199919,1.69021824753066,1.73362036420471,1.77477144605885,1.83537567321003,1.87172367819254,1.92731663427247,1.9591139529941,1.98895151357871,2.0375314059332,2.06328420231439,2.10757617391528,2.12960352253491,2.15009785891605,2.18863913752165,2.20590103729827,2.2218745942659,2.25543733249623,2.26867248689445,2.29928531796466,2.31011359844594,2.32003298898522,2.34684778863756,2.35473581307996,2.37932424086414,2.3854769657929,2.38909208549903,2.40904637662455,2.41157039694063,2.43031626846983,2.43195314619601,2.43335379030625,2.45052735207811,2.45117042328718,2.45163077360793,2.4675272062601,2.46734751568175,2.4824726563007,2.48183281882986,2.4811363248685,2.4953263139539,2.49419545381443,2.50783984791319,2.50642682520473,2.50505118765707,2.51804489340397,2.51639678076177,2.52903697634064,2.52722927132419,2.52552933505829,2.53776078342103,2.5358979278325,2.54790863832232,2.54600895039518,2.54426969390788,2.55605226543802,2.55423486137285,2.56590490289895,2.56413499708154,2.56256666693507,2.57414739084317,2.57255651281799,2.584111279601,2.58262428778635,2.58137549202738,2.59294961603107,2.59170732424811,2.60331365452315,2.60222470980567,2.60139623416615,2.61309437423077,2.61229568236746,2.62407004390769,2.62420273023744,2.62593219604404,2.64050135781544,2.64461161684417,2.65464635899353,2.67707330211006,2.68970763506075,2.70360952176676,2.72039676580403,2.74830306896953,2.76650642983422,2.79452657751035,2.81932617466246,2.84373680502358,2.86694810936673,2.89737969836133,2.92456254906397,2.94140263884314,2.96419559700959,2.98426371794564,3.0038685607031,3.02057640612602,3.03404814304172,3.04962612387538,3.05515703407274,3.06402601807982,3.06694947059733,3.06163337086588,3.05947006736099,3.03423553403352,3.0154666204382,3.04128653360066,3.01441878161783,2.99154314186845,2.96981965758861,2.950291226986,2.90021583941506,2.88635227546123,2.85546478406119,2.83020109759019,2.80693493894331,2.78563193158066,2.76613336296057,2.7481929385423,2.73126187668172,2.69405181950171,2.6676708636614,2.64406589939098,2.62329371539137,2.61761254953927,2.59830012295222,2.56650550103966,2.55653483995982,2.54592613575968,2.52694354662657,2.52022132712035,2.5047103211761,2.50032659099476,2.48813113729412,2.4861274666069,2.47755725158388,2.47740352834098,2.47295666528671,2.47208416665253,2.47271539604843,2.47902873236323,2.47937598812501,2.48244269844665,2.4904293732755,2.49293123821112,2.49824335995459,2.50442444408304,2.51477415085932,2.5194185123173,2.52638859285946,2.52973979790065,2.5406992547353,2.5469339564108,2.55886253796716,2.56622875345789,2.57905875221163,2.58752182516096,2.59849591618391,2.60952701560763,2.6230025888,2.63696290153885,2.64925678635032,2.66301759016736,2.67408873793363,2.68523151924285,2.66221051619241,2.63717562904726,2.61156026331353,2.58853002582878,2.56489602507059,2.54367420757749,2.52193688656775,2.50221683137573,2.48060875931089,2.45984801955606,2.44000507072654,2.4210123285782,2.40281583427546,2.38533146021617,2.36717671345208,2.3491743599197,2.33255905213505,2.31608667544743,2.30033724418448,2.28559939719329,2.26946083484216,2.25406990218955,2.2392436698219,2.22508771053128,2.21147170958708,2.19860843154366,2.18438951416229,2.17087738861517,2.15798244945844,2.14574719321459,2.13397646307548,2.12109147237483,2.10818686837806,2.09498720669695,2.08096962896867,2.06552510079525,2.04399463046502,2.01660797442623,1.98242938156155,1.94193854285044,1.89065289532036,1.83482633346282,1.77647426894568,1.71774030597516,1.65946145609288,1.60416379020835,1.55186491042896,1.50261193302155,1.45625445386793,1.41262808088342,1.37152560242115,1.3329369988141,1.29715578816917,1.26436847666689,1.23472242640078,1.20797174562152,1.18385586135777,1.16219928404016,1.1429408280586,1.12591630412985,1.11110425229334,1.09855995831803,1.08832637309912,1.08056716506477,1.0755813109824,1.07373506144717,1.07587853315468,1.0829935043496,1.09661840788667,1.11923379872193,1.155022326424,1.21052591705495,1.29591170405911,1.42224498638632,1.58903341143028,1.77380032915718,1.94297035201481,2.07054645588629,2.15062227537713,2.19303920458135,2.21846982734768,2.23924406049866,2.25639734844082,2.26994073870439,2.28101622455084,2.28923982282901,2.29520617958094,2.29926983293663,2.30157767357348,2.30236963489488,2.30139820946747,2.29900518955334,2.29548921745647,2.29073371586714,2.28494656297367,2.27802121231214,2.27025164539539,2.26183142457172,2.25272910129308,2.24307949212303,2.23294351723966,2.22241862351944,2.21154264338278,2.20037671348941,2.1889291287152,2.17733210217554,2.16543187847365,2.1535436405713,2.14138239413337,2.12910210863262,2.11675283762999,2.10435032834275,2.09175402107534,2.07919443800201,2.0665511892798,2.05389683778552,2.0411918685245,2.02846342492406,2.01575766085392,2.0030839725874,1.99035030284783,1.97770163868168,1.96507254645201,1.95247061195098,1.93989663762742,1.92740753476327,1.91491432272562,1.90248763448352,1.89018989174579,1.87788255303897,1.86571156438586,1.85357471511406,1.84154171145447,1.82957488782148,1.81769924196787,1.80593791889183,1.79422536112074,1.78260169002162,1.77110073565226,1.75968999128595,1.75439046146314
0,0,0,0,0,0,0,0,0,5.00956840631414,0.572778712367765,0.41803893635187,0.392200727970704,0.396303305489156,0.411059359347545,0.430259927143393,0.454975398274025,0.482005639330031,0.50774945980754,0.534568146561434,0.562403281495385,0.603316461324572,0.62422865590622,0.645566807388934,0.678360849162373,0.699639269962151,0.731840610220636,0.752580384193461,0.773031289792265,0.803733484515183,0.823197800278739,0.842188444553526,0.870957889113839,0.888721157344675,0.916077290361381,0.932526859227343,0.948396130158784,0.973513815469488,0.988005258127335,1.011616181979,1.02474628269674,1.03727338606971,1.05863695700908,1.06982256167023,1.08041351757407,1.09959919711509,1.10890304373995,1.1266825563477,1.13474663916005,1.14226662998943,1.15802884881491,1.1643809957807,1.17885470028826,1.18408419310682,1.18755269460197,1.19905389632154,1.20177983577551,1.21243889723098,1.21445443461881,1.21617931420829,1.22563937309108,1.22669446982492,1.22748181606357,1.23581526766642,1.23597400033722,1.24358193248662,1.24314857738614,1.24247238897667,1.24905930963911,1.24782946442559,1.25375721085232,1.25199803819153,1.25002889431007,1.25503274693588,1.25257647883149,1.25699215818336,1.25406112689411,1.25095408496975,1.25453758373609,1.25099259279922,1.25404858969376,1.25009952739612,1.24599101642587,1.24830439137929,1.24381177011435,1.24565160672491,1.24080911066997,1.23584012327962,1.23701163218652,1.23171547019909,1.23247039455573,1.22686203932301,1.22115282711583,1.22132426602273,1.21533449009433,1.21513131056409,1.20888473904916,1.2025528096844,1.20183926652308,1.19527349317759,1.19423530964618,1.18779589484019,1.18188048980446,1.18156683836188,1.17645377795346,1.17220862751074,1.17309893910562,1.16952419372458,1.16627562190474,1.16175592903268,1.16177830853929,1.15778360406235,1.15793700120024,1.15427262756022,1.15070832222237,1.14716255432151,1.14700230574974,1.14375017167806,1.13709391621044,1.13346580786034,1.12956488573966,1.12335651690356,1.11681200426054,1.10994731722239,1.10203810971187,1.09128652065997,1.08254395644986,1.06948672943677,1.05416551387896,1.04072375248712,1.01664971061891,0.995077698663402,0.98893975544442,0.963367130471066,0.938920304575624,0.915741860235363,0.890862960025349,0.857682666786915,0.836041509686263,0.807356222956996,0.780862683828945,0.756315687427062,0.733524521596307,0.712371084345477,0.69276910724019,0.6745213717341,0.648247094950579,0.624664989939365,0.603301362985215,0.58392268763695,0.569035208601879,0.552595273367151,0.532076128037005,0.515860459506802,0.50113954763589,0.485984148269731,0.47380445591245,0.461175670089988,0.450999684791828,0.440420876348984,0.431879811421883,0.422968983264453,0.415390851144542,0.407475224350331,0.400217478933028,0.393525165870484,0.387932669752692,0.381858255232294,0.376084145957158,0.371206321752441,0.365907996216101,0.360864622274375,0.35605013248347,0.351959212435694,0.347508561747527,0.343269304899176,0.338692150642785,0.334806729541182,0.330709896037972,0.327234769466248,0.32357703144819,0.320486679475932,0.317226342899643,0.314157722923917,0.311177941125405,0.308378072068046,0.305738993300138,0.303005542605888,0.300694279789474,0.298509155897442,0.296458261476615,0.294337379710973,0.292375908835631,0.290396702366879,0.288761009284805,0.287093444126966,0.285736981588982,0.284356131685754,0.283258283505381,0.282049959290417,0.281012392293637,0.280093834184718,0.279289579551435,0.278594939713278,0.278005713206135,0.277488838082185,0.27702810121464,0.276768483168593,0.276531867425413,0.276413126733497,0.276446951983544,0.276490603666135,0.276685997660845,0.276982432321032,0.27736808017724,0.277829170502311,0.278388417892684,0.279000155670745,0.279744465435954,0.280562541705699,0.281446808839958,0.282393716578285,0.283466041312658,0.28464573219873,0.28588828133876,0.28716289472637,0.288490448033433,0.28999026071054,0.291593661849517,0.293239079551354,0.294899628232548,0.296703123533127,0.298581029747591,0.300471184114395,0.302366859885604,0.304264160173132,0.306157616244697,0.308042958720784,0.309916202011491,0.311772793438952,0.313609120283953,0.31542168064092,0.317207283977988,0.318962450837122,0.320687153464326,0.322384574608988,0.324059879092503,0.325707686843727,0.327326134048349,0.328911588688725,0.330461977184989,0.331975144945228,0.333449173577883,0.334883042980305,0.336276304405752,0.337635159625445,0.338967683791845,0.34026946897074,0.341537628263201,0.342769592723548,0.343964569959487,0.345120101202438,0.346234153458071,0.347306262531589,0.348334315734335,0.349322627710727,0.350280396705901,0.351216113719697,0.352125030449674,0.353004933180081,0.353853673566832,0.354669259879289,0.355449496031942,0.356194625548129,0.35690233859788,0.35757121693827,0.358203330810499,0.358803217306635,0.359383536217827,0.359946674530234,0.360492806086509,0.361016344824145,0.361515506103251,0.361990482022722,0.362438791286851,0.362858876549103,0.363250027914924,0.363611722185909,0.363942750161365,0.364245506111444,0.36452871640098,0.364802640038101,0.365069786739516,0.365327039304094,0.365574651049708,0.365812262478431,0.366033250012106,0.366237159086478,0.366424443795894,0.36659179351519,0.366741683078179,0.366869739235816,0.366976579128283,0.367065114449794,0.367142473360347,0.367214230631136,0.367287734078003,0.367357799934948,0.367424981253007,0.367486012879889,0.367537896081973,0.367582513511392,0.367617366833411,0.36764034950577,0.367649693575512,0.367645224311549,0.367625810612329,0.367593430542681,0.367545574647229,0.367487886184448,0.367425655814042,0.367364036395289,0.367309159419743,0.367255892064027,0.367204438878432,0.367150811298648,0.367094826796507,0.367034813676403,0.366970335457546,0.366898298984554,0.366819262930225,0.367064028567077
0.01,0.02,0.03,0.05,0.09,0.17,0.33,0.65,1.29,2.57,3.51,4.45,5.39,6.17,6.95,7.74,8.52,9.3,10.1,10.9,11.7,12.4,13.1,13.8,14.4,15.1,15.7,16.4,17.1,17.7,18.4,19.1,19.7,20.4,21,21.7,22.4,23,23.7,24.3,25,25.7,26.3,27,27.7,28.3,29,29.6,30.3,31,31.6,32.3,32.9,33.6,34.2,34.7,35.3,35.8,36.4,37,37.5,38.1,38.7,39.2,39.8,40.3,40.9,41.5,42,42.6,43.1,43.7,44.3,44.8,45.4,45.9,46.5,47.1,47.6,48.2,48.7,49.3,49.9,50.4,51,51.5,52.1,52.7,53.2,53.8,54.3,54.9,55.5,56,56.6,57.1,57.7,58.3,58.8,59.4,59.9,60.5,61.1,61.6,62.2,62.9,63.5,64.2,64.9,65.8,66.6,67.5,68.3,69.4,70.5,71.6,72.6,73.9,75.3,76.6,77.9,79.6,81.3,83,85.1,87.3,89.4,92.2,95.1,97.9,102,106,109,114,119,124,130,137,143,151,159,167,175,183,191,199,211,223,235,247,258,270,286,301,316,332,347,363,378,394,409,425,441,458,475,492,508,525,542,558,575,592,609,625,642,659,678,696,715,733,752,770,789,808,828,848,868,889,909,929,949,970,992,1015,1037,1060,1082,1105,1127,1152,1177,1202,1227,1252,1277,1304,1332,1359,1387,1415,1442,1473,1504,1535,1566,1597,1627,1662,1697,1732,1767,1802,1841,1880,1918,1957,1996,2041,2087,2132,2177,2227,2277,2327,2377,2427,2477,2527,2577,2627,2677,2727,2777,2827,2877,2927,2977,3027,3077,3127,3177,3227,3277,3327,3377,3427,3477,3527,3577,3627,3677,3727,3777,3827,3877,3927,3977,4027,4077,4127,4177,4227,4277,4327,4377,4427,4477,4527,4577,4627,4677,4727,4777,4827,4877,4927,4977,5027,5077,5127,5177,5227,5277,5327,5377,5427,5477,5527,5577,5627,5677,5727,5777,5827,5877,5927,5977,6027,6077,6127,6177,6227,6277,6327,6377,6427,6477,6527,6577,6627,6677,6727,6777,6827,6877,6927,6977,7027,7077,7127,7177,7200
